0.008941
0.017784
0.026528
0.035176
0.043728
0.052185
0.060548
0.068818
0.076995
0.085082
0.093078
0.100985
0.108803
0.116534
0.124178
0.131736
0.139208
0.146597
0.153902
0.161125
0.168266
0.175326
0.182306
0.189207
0.196029
0.202774
0.209441
0.216032
0.222548
0.228989
0.235356
0.241650
0.247872
0.254021
0.260100
0.266108
0.272047
0.277916
0.283718
0.289451
0.295118
0.300719
0.306254
0.311724
0.317129
0.322472
0.327751
0.332967
0.338122
0.343216
0.348249
0.353222
0.358136
0.362991
0.367787
0.372527
0.377209
0.381835
0.386404
0.390919
0.395378
0.399784
0.404135
0.408434
0.412680
0.416873
0.421015
0.425106
0.429147
0.433137
0.437077
0.440969
0.444812
0.448607
0.452354
0.456054
0.459707
0.463314
0.466876
0.470391
0.473862
0.477289
0.480672
0.484011
0.487307
0.490560
0.493771
0.496940
0.500068
0.503154
0.506201
0.509206
0.512172
0.515099
0.517987
0.520836
0.523646
0.526419
0.529155
0.531853
0.534514
0.537139
0.539729
0.542282
0.544800
0.547283
0.549732
0.552146
0.554526
0.556873
0.559187
0.561467
0.563715
0.565931
0.568115
0.570267
0.572388
0.574477
0.576536
0.578565
0.580564
0.582532
0.584472
0.586382
0.588263
0.590115
0.591940
0.593736
0.595504
0.597245
0.598958
0.600645
0.602305
0.603938
0.605546
0.607127
0.608683
0.610213
0.611719
0.613199
0.614655
0.616086
0.617493
0.618876
0.620236
0.621572
0.622885
0.624175
0.625442
0.626687
0.627909
0.629109
0.630288
0.631444
0.632580
0.633694
0.634787
0.635859
0.636911
0.637942
0.638953
0.639945
0.640916
0.641868
0.642800
0.643713
0.644608
0.645483
0.646340
0.647178
0.647998
0.648800
0.649584
0.650351
0.651099
0.651831
0.652545
0.653242
0.653923
0.654586
0.655233
0.655864
0.656479
0.657077
0.657660
0.658227
0.658778
0.659314
0.659835
0.660340
0.660831
0.661307
0.661768
0.662214
0.662647
0.663065
0.663469
0.663859
0.664235
0.664597
0.664946
0.665282
0.665604
0.665914
0.666210
0.666493
0.666764
0.667022
0.667267
0.667500
0.667721
0.667930
0.668126
0.668311
0.668484
0.668646
0.668796
0.668934
0.669061
0.669177
0.669282
0.669376
0.669459
0.669531
0.669593
0.669644
0.669685
0.669715
0.669735
0.669745
0.669745
0.669735
0.669715
0.669686
0.669647
0.669598
0.669540
0.669472
0.669395
0.669309
0.669214
0.669110
0.668997
0.668876
0.668745
0.668606
0.668459
0.668302
0.668138
0.667965
0.667784
0.667595
0.667398
0.667193
0.666980
0.666759
0.666531
0.666294
0.666051
0.665799
0.665541
0.665274
0.665001
0.664720
0.664433
0.664138
0.663836
0.663527
0.663212
0.662889
0.662560
0.662225
0.661882
0.661533
0.661178
0.660816
0.660448
0.660074
0.659693
0.659307
0.658914
0.658515
0.658110
0.657699
0.657283
0.656861
0.656433
0.655999
0.655559
0.655115
0.654664
0.654208
0.653747
0.653280
0.652808
0.652331
0.651849
0.651362
0.650869
0.650371
0.649869
0.649361
0.648849
0.648332
0.647810
0.647283
0.646751
0.646215
0.645675
0.645129
0.644580
0.644025
0.643467
0.642904
0.642336
0.641765
0.641189
0.640609
0.640025
0.639436
0.638844
0.638247
0.637647
0.637042
0.636434
0.635822
0.635205
0.634586
0.633962
0.633334
0.632703
0.632069
0.631430
0.630788
0.630143
0.629494
0.628841
0.628185
0.627526
0.626863
0.626197
0.625528
0.624855
0.624179
0.623500
0.622818
0.622132
0.621444
0.620752
0.620057
0.619359
0.618659
0.617955
0.617248
0.616539
0.615827
0.615111
0.614393
0.613672
0.612949
0.612222
0.611493
0.610762
0.610027
0.609290
0.608550
0.607808
0.607063
0.606316
0.605566
0.604814
0.604059
0.603302
0.602543
0.601781
0.601016
0.600250
0.599481
0.598710
0.597936
0.597160
0.596382
0.595602
0.594820
0.594035
0.593249
0.592460
0.591669
0.590876
0.590081
0.589285
0.588486
0.587685
0.586882
0.586077
0.585270
0.584461
0.583651
0.582838
0.582024
0.581208
0.580390
0.579570
0.578748
0.577925
0.577100
0.576273
0.575445
0.574615
0.573783
0.572949
0.572114
0.571277
0.570439
0.569599
0.568757
0.567914
0.567069
0.566223
0.565375
0.564526
0.563675
0.562823
0.561969
0.561114
0.560258
0.559400
0.558540
0.557680
0.556817
0.555954
0.555089
0.554223
0.553355
0.552487
0.551617
0.550745
0.549873
0.548999
0.548124
0.547247
0.546370
0.545491
0.544611
0.543730
0.542847
0.541964
0.541079
0.540193
0.539306
0.538418
0.537529
0.536639
0.535748
0.534855
0.533962
0.533067
0.532172
0.531275
0.530378
0.529479
0.528580
0.527679
0.526778
0.525875
0.524972
0.524067
0.523162
0.522256
0.521348
0.520440
0.519531
0.518621
0.517711
0.516799
0.515886
0.514973
0.514059
0.513144
0.512228
0.511311
0.510393
0.509475
0.508556
0.507636
0.506715
0.505794
0.504871
0.503948
0.503024
0.502100
0.501175
0.500249
0.499322
0.498394
0.497466
0.496537
0.495608
0.494677
0.493746
0.492815
0.491882
0.490949
0.490016
0.489082
0.488147
0.487211
0.486275
0.485338
0.484401
0.483463
0.482524
0.481585
0.480645
0.479705
0.478764
0.477822
0.476880
0.475937
0.474994
0.474050
0.473106
0.472161
0.471215
0.470269
0.469323
0.468376
0.467428
0.466480
0.465532
0.464582
0.463633
0.462683
0.461732
0.460781
0.459830
0.458878
0.457925
0.456973
0.456019
0.455065
0.454111
0.453156
0.452201
0.451246
0.450290
0.449333
0.448376
0.447419
0.446461
0.445503
0.444545
0.443586
0.442627
0.441667
0.440707
0.439746
0.438785
0.437824
0.436863
0.435901
0.434938
0.433976
0.433012
0.432049
0.431085
0.430121
0.429157
0.428192
0.427227
0.426261
0.425295
0.424329
0.423363
0.422396
0.421429
0.420461
0.419494
0.418525
0.417557
0.416588
0.415619
0.414650
0.413681
0.412711
0.411741
0.410770
0.409799
0.408828
0.407857
0.406886
0.405914
0.404942
0.403969
0.402997
0.402024
0.401051
0.400077
0.399104
0.398130
0.397155
0.396181
0.395206
0.394232
0.393256
0.392281
0.391305
0.390330
0.389354
0.388377
0.387401
0.386424
0.385447
0.384470
0.383492
0.382515
0.381537
0.380559
0.379581
0.378602
0.377624
0.376645
0.375666
0.374687
0.373707
0.372727
0.371748
0.370768
0.369787
0.368807
0.367826
0.366846
0.365865
0.364884
0.363902
0.362921
0.361939
0.360957
0.359975
0.358993
0.358011
0.357028
0.356046
0.355063
0.354080
0.353097
0.352113
0.351130
0.350146
0.349163
0.348179
0.347195
0.346211
0.345226
0.344242
0.343257
0.342272
0.341287
0.340302
0.339317
0.338332
0.337346
0.336361
0.335375
0.334389
0.333403
0.332417
0.331431
0.330444
0.329458
0.328471
0.327484
0.326498
0.325511
0.324523
0.323536
0.322549
0.321561
0.320574
0.319586
0.318598
0.317610
0.316622
0.315634
0.314646
0.313658
0.312669
0.311681
0.310692
0.309703
0.308714
0.307725
0.306736
0.305747
0.304758
0.303769
0.302779
0.301790
0.300800
0.299810
0.298820
0.297831
0.296841
0.295850
0.294860
0.293870
0.292880
0.291889
0.290899
0.289908
0.288917
0.287927
0.286936
0.285945
0.284954
0.283963
0.282972
0.281980
0.280989
0.279998
0.279006
0.278015
0.277023
0.276031
0.275040
0.274048
0.273056
0.272064
0.271072
0.270080
0.269087
0.268095
0.267103
0.266111
0.265118
0.264126
0.263133
0.262140
0.261148
0.260155
0.259162
0.258169
0.257176
0.256183
0.255190
0.254197
0.253204
0.252211
0.251217
0.250224
0.249231
0.248237
0.247244
0.246250
0.245256
0.244263
0.243269
0.242275
0.241281
0.240287
0.239294
0.238300
0.237305
0.236311
0.235317
0.234323
0.233329
0.232335
0.231340
0.230346
0.229352
0.228357
0.227363
0.226368
0.225373
0.224379
0.223384
0.222389
0.221395
0.220400
0.219405
0.218410
0.217415
0.216420
0.215425
0.214430
0.213435
0.212440
0.211445
0.210450
0.209454
0.208459
0.207464
0.206468
0.205473
0.204478
0.203482
0.202487
0.201491
0.200496
0.199500
0.198504
0.197509
0.196513
0.195517
0.194522
0.193526
0.192530
0.191534
0.190538
0.189542
0.188546
0.187551
0.186555
0.185559
0.184562
0.183566
0.182570
0.181574
0.180578
0.179582
0.178586
0.177589
0.176593
0.175597
0.174600
0.173604
0.172608
0.171611
0.170615
0.169618
0.168622
0.167625
0.166629
0.165632
0.164636
0.163639
0.162642
0.161646
0.160649
0.159652
0.158656
0.157659
0.156662
0.155665
0.154669
0.153672
0.152675
0.151678
0.150681
0.149684
0.148687
0.147690
0.146693
0.145697
0.144700
0.143702
0.142705
0.141708
0.140711
0.139714
0.138717
0.137720
0.136723
0.135726
0.134728
0.133731
0.132734
0.131737
0.130739
0.129742
0.128745
0.127748
0.126750
0.125753
0.124756
0.123758
0.122761
0.121763
0.120766
0.119769
0.118771
0.117774
0.116776
0.115779
0.114781
0.113784
0.112786
0.111789
0.110791
0.109793
0.108796
0.107798
0.106801
0.105803
0.104805
0.103808
0.102810
0.101812
0.100815
0.099817
0.098819
0.097821
0.096824
0.095826
0.094828
0.093830
0.092833
0.091835
0.090837
0.089839
0.088841
0.087843
0.086846
0.085848
0.084850
0.083852
0.082854
0.081856
0.080858
0.079860
0.078862
0.077864
0.076866
0.075868
0.074870
0.073872
0.072874
0.071876
0.070878
0.069880
0.068882
0.067884
0.066886
0.065888
0.064890
0.063892
0.062894
0.061896
0.060898
0.059900
0.058901
0.057903
0.056905
0.055907
0.054909
0.053911
0.052913
0.051914
0.050916
0.049918
0.048920
0.047922
0.046923
0.045925
0.044927
0.043929
0.042930
0.041932
0.040934
0.039936
0.038937
0.037939
0.036941
0.035942
0.034944
0.033946
0.032948
0.031949
0.030951
0.029953
0.028954
0.027956
0.026958
0.025959
0.024961
0.023962
0.022964
0.021966
0.020967
0.019969
0.018971
0.017972
0.016974
0.015975
0.014977
0.013978
0.012980
0.011982
0.010983
0.009985
0.008986
0.007988
0.006989
0.005991
0.004992
0.003994
0.002995
0.001997
0.000998
