0.084297
0.159715
0.227091
0.287183
0.340678
0.388198
0.430306
0.467511
0.500278
0.529022
0.554125
0.575929
0.594745
0.610854
0.624513
0.635951
0.645379
0.652985
0.658942
0.663405
0.666515
0.668399
0.669173
0.668941
0.667799
0.665831
0.663117
0.659726
0.655722
0.651164
0.646102
0.640585
0.634655
0.628352
0.621711
0.614763
0.607537
0.600061
0.592356
0.584445
0.576348
0.568081
0.559661
0.551102
0.542417
0.533619
0.524717
0.515722
0.506643
0.497487
0.488261
0.478972
0.469627
0.460230
0.450786
0.441300
0.431776
0.422217
0.412627
0.403008
0.393363
0.383695
0.374006
0.364297
0.354572
0.344830
0.335075
0.325306
0.315526
0.305735
0.295935
0.286126
0.276309
0.266485
0.256654
0.246818
0.236976
0.227130
0.217279
0.207424
0.197566
0.187704
0.177840
0.167973
0.158104
0.148232
0.138358
0.128483
0.118606
0.108728
0.098848
0.088967
0.079085
0.069202
0.059318
0.049433
0.039548
0.029662
0.019775
0.009888
