3.18812032532773e-01
2.76856995159424e-01
2.12452957761200e-01
1.70491974502637e-01
1.54636923632648e-01
1.54422072405709e-01
1.61125418929392e-01
1.69505357913968e-01
1.77080765685871e-01
1.83021865326391e-01
1.87305414416716e-01
1.90217659840072e-01
1.92107739699938e-01
1.93285339267594e-01
1.93990615318198e-01
1.94395734880246e-01
1.94617496900443e-01
1.94731695289116e-01
1.94785578287243e-01
1.94807433974878e-01
1.94813454579878e-01
1.94812407992894e-01
1.94808688391780e-01
1.94804235424737e-01
1.94799697239068e-01
1.94795106576016e-01
1.94790254266197e-01
1.94784881216747e-01
