3.62187019744224e-07
1.08671792068313e-01
9.37047369060715e-04
2.64248970647113e-01
1.30324180109753e-02
3.29525071668771e-01
4.06384085053312e-02
3.21518306613146e-01
7.19796768096275e-02
2.91260645841578e-01
9.90320157187120e-02
2.61821009030472e-01
1.20036767590730e-01
2.39088290697612e-01
1.35751938634518e-01
2.22932531234112e-01
1.47422281794202e-01
2.11831814031730e-01
1.56139391099971e-01
2.04307013690362e-01
1.62727299354937e-01
1.99231885320275e-01
1.67776694783013e-01
1.95816565115189e-01
1.71704189168760e-01
1.93524391799553e-01
1.74803456402440e-01
1.91994578109708e-01
