2.27920227920228e-02
4.55840455840456e-02
6.83760683760684e-02
9.11680911680912e-02
1.13960113960114e-01
1.36752136752137e-01
1.59544159544160e-01
1.82336182336182e-01
2.05128205128205e-01
2.27920227920228e-01
2.50712250712251e-01
2.73504273504274e-01
2.96296296296296e-01
3.19088319088319e-01
3.41880341880342e-01
3.64672364672365e-01
3.87464387464387e-01
4.10256410256410e-01
4.33048433048433e-01
4.55840455840456e-01
4.78632478632479e-01
5.01424501424501e-01
5.24216524216524e-01
5.47008547008547e-01
5.69800569800570e-01
5.92592592592593e-01
6.15384615384615e-01
6.38176638176638e-01
6.60968660968661e-01
6.83760683760684e-01
7.06552706552707e-01
7.29344729344729e-01
7.52136752136752e-01
7.74928774928775e-01
7.97720797720798e-01
8.20512820512821e-01
8.43304843304843e-01
8.66096866096866e-01
8.88888888888889e-01
9.11680911680912e-01
9.34472934472935e-01
9.57264957264957e-01
9.80056980056980e-01
1.00284900284900e+00
1.02564102564103e+00
1.04843304843305e+00
1.07122507122507e+00
1.09401709401709e+00
1.11680911680912e+00
1.13960113960114e+00
1.16239316239316e+00
1.18518518518519e+00
1.20797720797721e+00
1.23076923076923e+00
1.25356125356125e+00
1.27635327635328e+00
1.29914529914530e+00
1.32193732193732e+00
1.34472934472934e+00
1.36752136752137e+00
1.39031339031339e+00
1.41310541310541e+00
1.43589743589744e+00
1.45868945868946e+00
1.48148148148148e+00
1.50427350427350e+00
1.52706552706553e+00
1.54985754985755e+00
1.57264957264957e+00
1.59544159544160e+00
1.61823361823362e+00
1.64102564102564e+00
1.66381766381766e+00
1.68660968660969e+00
1.70940170940171e+00
1.73219373219373e+00
1.75498575498576e+00
1.77777777777778e+00
1.80056980056980e+00
1.82336182336182e+00
1.84615384615385e+00
1.86894586894587e+00
1.89173789173789e+00
1.91452991452991e+00
1.93732193732194e+00
1.96011396011396e+00
1.98290598290598e+00
2.00569800569801e+00
2.02849002849003e+00
2.05128205128205e+00
2.07407407407407e+00
2.09686609686610e+00
2.11965811965812e+00
2.14245014245014e+00
2.16524216524217e+00
2.18803418803419e+00
2.21082621082621e+00
2.23361823361823e+00
2.25641025641026e+00
2.27920227920228e+00
2.30199430199430e+00
2.32478632478632e+00
2.34757834757835e+00
2.37037037037037e+00
2.39316239316239e+00
2.41595441595442e+00
2.43874643874644e+00
2.46153846153846e+00
2.48433048433048e+00
2.50712250712251e+00
2.52991452991453e+00
2.55270655270655e+00
2.57549857549858e+00
2.59829059829060e+00
2.62108262108262e+00
2.64387464387464e+00
2.66666666666667e+00
2.68945868945869e+00
2.71225071225071e+00
2.73504273504274e+00
2.75783475783476e+00
2.78062678062678e+00
2.80341880341880e+00
2.82621082621083e+00
2.84900284900285e+00
2.87179487179487e+00
2.89458689458689e+00
2.91737891737892e+00
2.94017094017094e+00
2.96296296296296e+00
2.98575498575499e+00
3.00854700854701e+00
3.03133903133903e+00
3.05413105413105e+00
3.07692307692308e+00
3.09971509971510e+00
3.12250712250712e+00
3.14529914529915e+00
3.16809116809117e+00
3.19088319088319e+00
3.21367521367521e+00
3.23646723646724e+00
3.25925925925926e+00
3.28205128205128e+00
3.30484330484330e+00
3.32763532763533e+00
3.35042735042735e+00
3.37321937321937e+00
3.39601139601140e+00
3.41880341880342e+00
3.44159544159544e+00
3.46438746438746e+00
3.48717948717949e+00
3.50997150997151e+00
3.53276353276353e+00
3.55555555555556e+00
3.57834757834758e+00
3.60113960113960e+00
3.62393162393162e+00
3.64672364672365e+00
3.66951566951567e+00
3.69230769230769e+00
3.71509971509972e+00
3.73789173789174e+00
3.76068376068376e+00
3.78347578347578e+00
3.80626780626781e+00
3.82905982905983e+00
3.85185185185185e+00
3.87464387464387e+00
3.89743589743590e+00
3.92022792022792e+00
3.94301994301994e+00
3.96581196581197e+00
3.98860398860399e+00
4.01139601139601e+00
4.03418803418803e+00
4.05698005698006e+00
4.07977207977208e+00
4.10256410256410e+00
4.12535612535613e+00
4.14814814814815e+00
4.17094017094017e+00
4.19373219373219e+00
4.21652421652422e+00
4.23931623931624e+00
4.26210826210826e+00
4.28490028490029e+00
4.30769230769231e+00
4.33048433048433e+00
4.35327635327635e+00
4.37606837606838e+00
4.39886039886040e+00
4.42165242165242e+00
4.44444444444444e+00
4.46723646723647e+00
4.49002849002849e+00
4.51282051282051e+00
4.53561253561254e+00
4.55840455840456e+00
4.58119658119658e+00
4.60398860398860e+00
4.62678062678063e+00
4.64957264957265e+00
4.67236467236467e+00
4.69515669515670e+00
4.71794871794872e+00
4.74074074074074e+00
4.76353276353276e+00
4.78632478632479e+00
4.80911680911681e+00
4.83190883190883e+00
4.85470085470086e+00
4.87749287749288e+00
4.90028490028490e+00
4.92307692307692e+00
4.94586894586895e+00
4.96866096866097e+00
4.99145299145299e+00
5.01424501424501e+00
5.03703703703704e+00
5.05982905982906e+00
5.08262108262108e+00
5.10541310541311e+00
5.12820512820513e+00
5.15099715099715e+00
5.17378917378917e+00
5.19658119658120e+00
5.21937321937322e+00
5.24216524216524e+00
5.26495726495726e+00
5.28774928774929e+00
5.31054131054131e+00
5.33333333333333e+00
5.35612535612536e+00
5.37891737891738e+00
5.40170940170940e+00
5.42450142450142e+00
5.44729344729345e+00
5.47008547008547e+00
5.49287749287749e+00
5.51566951566952e+00
5.53846153846154e+00
5.56125356125356e+00
5.58404558404558e+00
5.60683760683761e+00
5.62962962962963e+00
5.65242165242165e+00
5.67521367521368e+00
5.69800569800570e+00
5.72079772079772e+00
5.74358974358974e+00
5.76638176638177e+00
5.78917378917379e+00
5.81196581196581e+00
5.83475783475784e+00
5.85754985754986e+00
5.88034188034188e+00
5.90313390313390e+00
5.92592592592593e+00
5.94871794871795e+00
5.97150997150997e+00
5.99430199430199e+00
6.01709401709402e+00
6.03988603988604e+00
6.06267806267806e+00
6.08547008547009e+00
6.10826210826211e+00
6.13105413105413e+00
6.15384615384615e+00
6.17663817663818e+00
6.19943019943020e+00
6.22222222222222e+00
6.24501424501425e+00
6.26780626780627e+00
6.29059829059829e+00
6.31339031339031e+00
6.33618233618234e+00
6.35897435897436e+00
6.38176638176638e+00
6.40455840455841e+00
6.42735042735043e+00
6.45014245014245e+00
6.47293447293447e+00
6.49572649572650e+00
6.51851851851852e+00
6.54131054131054e+00
6.56410256410256e+00
6.58689458689459e+00
6.60968660968661e+00
6.63247863247863e+00
6.65527065527066e+00
6.67806267806268e+00
6.70085470085470e+00
6.72364672364672e+00
6.74643874643875e+00
6.76923076923077e+00
6.79202279202279e+00
6.81481481481481e+00
6.83760683760684e+00
6.86039886039886e+00
6.88319088319088e+00
6.90598290598291e+00
6.92877492877493e+00
6.95156695156695e+00
6.97435897435897e+00
6.99715099715100e+00
7.01994301994302e+00
7.04273504273504e+00
7.06552706552707e+00
7.08831908831909e+00
7.11111111111111e+00
7.13390313390313e+00
7.15669515669516e+00
7.17948717948718e+00
7.20227920227920e+00
7.22507122507123e+00
7.24786324786325e+00
7.27065527065527e+00
7.29344729344729e+00
7.31623931623932e+00
7.33903133903134e+00
7.36182336182336e+00
7.38461538461539e+00
7.40740740740741e+00
7.43019943019943e+00
7.45299145299145e+00
7.47578347578348e+00
7.49857549857550e+00
7.52136752136752e+00
7.54415954415954e+00
7.56695156695157e+00
7.58974358974359e+00
7.61253561253561e+00
7.63532763532764e+00
7.65811965811966e+00
7.68091168091168e+00
7.70370370370370e+00
7.72649572649573e+00
7.74928774928775e+00
7.77207977207977e+00
7.79487179487180e+00
7.81766381766382e+00
7.84045584045584e+00
7.86324786324786e+00
7.88603988603989e+00
7.90883190883191e+00
7.93162393162393e+00
7.95441595441596e+00
7.97720797720798e+00
