2.28571428571429e-02
4.57142857142857e-02
6.85714285714286e-02
9.14285714285714e-02
1.14285714285714e-01
1.37142857142857e-01
1.60000000000000e-01
1.82857142857143e-01
2.05714285714286e-01
2.28571428571429e-01
2.51428571428571e-01
2.74285714285714e-01
2.97142857142857e-01
3.20000000000000e-01
3.42857142857143e-01
3.65714285714286e-01
3.88571428571429e-01
4.11428571428571e-01
4.34285714285714e-01
4.57142857142857e-01
4.80000000000000e-01
5.02857142857143e-01
5.25714285714286e-01
5.48571428571429e-01
5.71428571428571e-01
5.94285714285714e-01
6.17142857142857e-01
6.40000000000000e-01
6.62857142857143e-01
6.85714285714286e-01
7.08571428571429e-01
7.31428571428571e-01
7.54285714285714e-01
7.77142857142857e-01
8.00000000000000e-01
8.22857142857143e-01
8.45714285714286e-01
8.68571428571429e-01
8.91428571428571e-01
9.14285714285714e-01
9.37142857142857e-01
9.60000000000000e-01
9.82857142857143e-01
1.00571428571429e+00
1.02857142857143e+00
1.05142857142857e+00
1.07428571428571e+00
1.09714285714286e+00
1.12000000000000e+00
1.14285714285714e+00
1.16571428571429e+00
1.18857142857143e+00
1.21142857142857e+00
1.23428571428571e+00
1.25714285714286e+00
1.28000000000000e+00
1.30285714285714e+00
1.32571428571429e+00
1.34857142857143e+00
1.37142857142857e+00
1.39428571428571e+00
1.41714285714286e+00
1.44000000000000e+00
1.46285714285714e+00
1.48571428571429e+00
1.50857142857143e+00
1.53142857142857e+00
1.55428571428571e+00
1.57714285714286e+00
1.60000000000000e+00
1.62285714285714e+00
1.64571428571429e+00
1.66857142857143e+00
1.69142857142857e+00
1.71428571428571e+00
1.73714285714286e+00
1.76000000000000e+00
1.78285714285714e+00
1.80571428571429e+00
1.82857142857143e+00
1.85142857142857e+00
1.87428571428571e+00
1.89714285714286e+00
1.92000000000000e+00
1.94285714285714e+00
1.96571428571429e+00
1.98857142857143e+00
2.01142857142857e+00
2.03428571428571e+00
2.05714285714286e+00
2.08000000000000e+00
2.10285714285714e+00
2.12571428571429e+00
2.14857142857143e+00
2.17142857142857e+00
2.19428571428571e+00
2.21714285714286e+00
2.24000000000000e+00
2.26285714285714e+00
2.28571428571429e+00
2.30857142857143e+00
2.33142857142857e+00
2.35428571428571e+00
2.37714285714286e+00
2.40000000000000e+00
2.42285714285714e+00
2.44571428571429e+00
2.46857142857143e+00
2.49142857142857e+00
2.51428571428571e+00
2.53714285714286e+00
2.56000000000000e+00
2.58285714285714e+00
2.60571428571429e+00
2.62857142857143e+00
2.65142857142857e+00
2.67428571428571e+00
2.69714285714286e+00
2.72000000000000e+00
2.74285714285714e+00
2.76571428571429e+00
2.78857142857143e+00
2.81142857142857e+00
2.83428571428571e+00
2.85714285714286e+00
2.88000000000000e+00
2.90285714285714e+00
2.92571428571429e+00
2.94857142857143e+00
2.97142857142857e+00
2.99428571428571e+00
3.01714285714286e+00
3.04000000000000e+00
3.06285714285714e+00
3.08571428571429e+00
3.10857142857143e+00
3.13142857142857e+00
3.15428571428571e+00
3.17714285714286e+00
3.20000000000000e+00
3.22285714285714e+00
3.24571428571429e+00
3.26857142857143e+00
3.29142857142857e+00
3.31428571428571e+00
3.33714285714286e+00
3.36000000000000e+00
3.38285714285714e+00
3.40571428571429e+00
3.42857142857143e+00
3.45142857142857e+00
3.47428571428571e+00
3.49714285714286e+00
3.52000000000000e+00
3.54285714285714e+00
3.56571428571429e+00
3.58857142857143e+00
3.61142857142857e+00
3.63428571428571e+00
3.65714285714286e+00
3.68000000000000e+00
3.70285714285714e+00
3.72571428571429e+00
3.74857142857143e+00
3.77142857142857e+00
3.79428571428571e+00
3.81714285714286e+00
3.84000000000000e+00
3.86285714285714e+00
3.88571428571429e+00
3.90857142857143e+00
3.93142857142857e+00
3.95428571428571e+00
3.97714285714286e+00
4.00000000000000e+00
4.02285714285714e+00
4.04571428571429e+00
4.06857142857143e+00
4.09142857142857e+00
4.11428571428571e+00
4.13714285714286e+00
4.16000000000000e+00
4.18285714285714e+00
4.20571428571429e+00
4.22857142857143e+00
4.25142857142857e+00
4.27428571428571e+00
4.29714285714286e+00
4.32000000000000e+00
4.34285714285714e+00
4.36571428571429e+00
4.38857142857143e+00
4.41142857142857e+00
4.43428571428571e+00
4.45714285714286e+00
4.48000000000000e+00
4.50285714285714e+00
4.52571428571429e+00
4.54857142857143e+00
4.57142857142857e+00
4.59428571428571e+00
4.61714285714286e+00
4.64000000000000e+00
4.66285714285714e+00
4.68571428571429e+00
4.70857142857143e+00
4.73142857142857e+00
4.75428571428571e+00
4.77714285714286e+00
4.80000000000000e+00
4.82285714285714e+00
4.84571428571429e+00
4.86857142857143e+00
4.89142857142857e+00
4.91428571428571e+00
4.93714285714286e+00
4.96000000000000e+00
4.98285714285714e+00
5.00571428571429e+00
5.02857142857143e+00
5.05142857142857e+00
5.07428571428571e+00
5.09714285714286e+00
5.12000000000000e+00
5.14285714285714e+00
5.16571428571429e+00
5.18857142857143e+00
5.21142857142857e+00
5.23428571428571e+00
5.25714285714286e+00
5.28000000000000e+00
5.30285714285714e+00
5.32571428571429e+00
5.34857142857143e+00
5.37142857142857e+00
5.39428571428571e+00
5.41714285714286e+00
5.44000000000000e+00
5.46285714285714e+00
5.48571428571429e+00
5.50857142857143e+00
5.53142857142857e+00
5.55428571428571e+00
5.57714285714286e+00
5.60000000000000e+00
5.62285714285714e+00
5.64571428571429e+00
5.66857142857143e+00
5.69142857142857e+00
5.71428571428571e+00
5.73714285714286e+00
5.76000000000000e+00
5.78285714285714e+00
5.80571428571429e+00
5.82857142857143e+00
5.85142857142857e+00
5.87428571428571e+00
5.89714285714286e+00
5.92000000000000e+00
5.94285714285714e+00
5.96571428571429e+00
5.98857142857143e+00
6.01142857142857e+00
6.03428571428571e+00
6.05714285714286e+00
6.08000000000000e+00
6.10285714285714e+00
6.12571428571429e+00
6.14857142857143e+00
6.17142857142857e+00
6.19428571428571e+00
6.21714285714286e+00
6.24000000000000e+00
6.26285714285714e+00
6.28571428571429e+00
6.30857142857143e+00
6.33142857142857e+00
6.35428571428571e+00
6.37714285714286e+00
6.40000000000000e+00
6.42285714285714e+00
6.44571428571429e+00
6.46857142857143e+00
6.49142857142857e+00
6.51428571428571e+00
6.53714285714286e+00
6.56000000000000e+00
6.58285714285714e+00
6.60571428571429e+00
6.62857142857143e+00
6.65142857142857e+00
6.67428571428571e+00
6.69714285714286e+00
6.72000000000000e+00
6.74285714285714e+00
6.76571428571429e+00
6.78857142857143e+00
6.81142857142857e+00
6.83428571428571e+00
6.85714285714286e+00
6.88000000000000e+00
6.90285714285714e+00
6.92571428571429e+00
6.94857142857143e+00
6.97142857142857e+00
6.99428571428571e+00
7.01714285714286e+00
7.04000000000000e+00
7.06285714285714e+00
7.08571428571429e+00
7.10857142857143e+00
7.13142857142857e+00
7.15428571428571e+00
7.17714285714286e+00
7.20000000000000e+00
7.22285714285714e+00
7.24571428571429e+00
7.26857142857143e+00
7.29142857142857e+00
7.31428571428571e+00
7.33714285714286e+00
7.36000000000000e+00
7.38285714285714e+00
7.40571428571429e+00
7.42857142857143e+00
7.45142857142857e+00
7.47428571428571e+00
7.49714285714286e+00
7.52000000000000e+00
7.54285714285714e+00
7.56571428571429e+00
7.58857142857143e+00
7.61142857142857e+00
7.63428571428571e+00
7.65714285714286e+00
7.68000000000000e+00
7.70285714285714e+00
7.72571428571429e+00
7.74857142857143e+00
7.77142857142857e+00
7.79428571428571e+00
7.81714285714286e+00
7.84000000000000e+00
7.86285714285714e+00
7.88571428571429e+00
7.90857142857143e+00
7.93142857142857e+00
7.95428571428571e+00
7.97714285714286e+00
