2.99983765416687e+00
6.99918822232252e+00
1.09980191369740e+01
1.49963302967773e+01
1.89941216003226e+01
2.29913929461379e+01
2.69881442328974e+01
3.09843753683639e+01
3.49800865314950e+01
3.89752835280291e+01
4.29700541011817e+01
4.69653127452077e+01
5.09675321699437e+01
5.50060824676953e+01
5.91597621723601e+01
6.35448516970504e+01
6.82520935489120e+01
7.33165537022923e+01
7.87392084778514e+01
8.45107505935519e+01
9.06213452760241e+01
9.70629040762071e+01
1.03829121092729e+02
1.10915080683284e+02
1.18316884257531e+02
1.26031368491002e+02
1.34055904119612e+02
1.42388253523079e+02
1.51026469177713e+02
1.59968820307373e+02
1.69213739130008e+02
1.78759780895049e+02
1.88605593767415e+02
1.98749895844910e+02
2.09191457416215e+02
2.19929087119854e+02
2.30961621042627e+02
2.42287914058245e+02
2.53906832891188e+02
2.65817250522102e+02
2.78018041645815e+02
2.90508078962137e+02
3.03286230130749e+02
3.16351355259360e+02
3.29702304823175e+02
3.43337917935339e+02
3.57257020904700e+02
3.71458426030206e+02
3.85940930591199e+02
4.00703316000658e+02
4.15744347094825e+02
4.31062771537292e+02
4.46657319319807e+02
4.62526702344964e+02
4.78669614078713e+02
4.95084729262446e+02
5.11770703676278e+02
5.28726173946408e+02
5.45949757390627e+02
5.63440051896903e+02
5.81195635830844e+02
5.99215067968343e+02
6.17496887450401e+02
6.36039613757483e+02
6.54841746700981e+02
6.73901766430175e+02
6.93218133452608e+02
7.12789288666825e+02
7.32613653405893e+02
7.52689629490737e+02
7.73015599292451e+02
7.93589925802570e+02
8.14410952710641e+02
8.35477004488502e+02
8.56786386480645e+02
8.78337385000229e+02
9.00128267430202e+02
9.22157282329242e+02
9.44422659542199e+02
9.66922610314576e+02
9.89655327410918e+02
1.01261898523687e+03
1.03581173996452e+03
1.05923172966108e+03
1.08287707442050e+03
1.10674587649803e+03
1.13083622044741e+03
1.15514617326073e+03
1.17967378451085e+03
1.20441708649595e+03
1.22937409438662e+03
1.25454280637495e+03
1.27992120382580e+03
1.30550725143013e+03
1.33129889736022e+03
1.35729407342671e+03
1.38349069523779e+03
1.40988666235964e+03
1.43647985847922e+03
1.46326815156815e+03
1.49024939404865e+03
1.51742142296083e+03
1.54478206013170e+03
1.57232911234538e+03
1.60006037151528e+03
1.62797361485726e+03
1.65606660506442e+03
1.68433709048322e+03
1.71278280529099e+03
1.74140146967468e+03
1.77019079001098e+03
1.79914845904761e+03
1.82827215608598e+03
1.85755954716494e+03
1.88700828524577e+03
1.91661601039834e+03
1.94638034998841e+03
1.97629891886604e+03
2.00636931955512e+03
2.03658914244395e+03
2.06695596597687e+03
2.09746735684698e+03
2.12812087018985e+03
2.15891404977809e+03
2.18984442821719e+03
2.22090952714197e+03
2.25210685741424e+03
2.28343391932126e+03
2.31488820277509e+03
2.34646718751278e+03
2.37816834329744e+03
2.40998913012038e+03
2.44192699840374e+03
2.47397938920393e+03
2.50614373441618e+03
2.53841745697953e+03
2.57079797108273e+03
2.60328268237083e+03
2.63586898815245e+03
2.66855427760775e+03
2.70133593199718e+03
2.73421132487075e+03
2.76717782227791e+03
2.80023278297833e+03
2.83337355865279e+03
2.86659749411519e+03
2.89990192752487e+03
2.93328419059924e+03
2.96674160882754e+03
3.00027150168450e+03
3.03387118284484e+03
3.06753796039812e+03
3.10126913706426e+03
3.13506201040910e+03
3.16891387306069e+03
3.20282201292615e+03
3.23678371340812e+03
3.27079625362283e+03
3.30485690861719e+03
3.33896294958732e+03
3.37311164409659e+03
3.40730025629456e+03
3.44152604713574e+03
3.47578627459889e+03
3.51007819390635e+03
3.54439905774388e+03
3.57874611648058e+03
3.61311661838868e+03
3.64750780986403e+03
3.68191693564665e+03
3.71634123904069e+03
3.75077796213575e+03
3.78522434602701e+03
3.81967763103680e+03
3.85413505693475e+03
3.88859386315903e+03
3.92305128903762e+03
3.95750457400876e+03
3.99195095784223e+03
4.02638768086027e+03
4.06081198415835e+03
4.09522110982615e+03
4.12961230116812e+03
4.16398280292443e+03
4.19832986149124e+03
4.23265072514118e+03
4.26694264424353e+03
4.30120287148457e+03
4.33542866208710e+03
4.36961727403036e+03
4.40376596826937e+03
4.43787200895424e+03
4.47193266364900e+03
4.50594520355041e+03
4.53990690370628e+03
4.57381504323340e+03
4.60766690553552e+03
4.64145977852051e+03
4.67519095481748e+03
4.70885773199339e+03
4.74245741276920e+03
4.77598730523572e+03
4.80944472306906e+03
4.84282698574534e+03
4.87613141875529e+03
4.90935535381790e+03
4.94249612909433e+03
4.97555108940015e+03
5.00851758641826e+03
5.04139297891037e+03
5.07417463292826e+03
5.10685992202421e+03
5.13944622746125e+03
5.17193093842236e+03
5.20431145221900e+03
5.23658517449939e+03
5.26874951945557e+03
5.30080191003014e+03
5.33273977812214e+03
5.36456056479207e+03
5.39626172046640e+03
5.42784070514090e+03
5.45929498858389e+03
5.49062205053759e+03
5.52181938091968e+03
5.55288448002354e+03
5.58381485871739e+03
5.61460803864300e+03
5.64526155241330e+03
5.67577294380872e+03
5.70613976797347e+03
5.73635959160964e+03
5.76642999317131e+03
5.79634856305725e+03
5.82611290380252e+03
5.85572063026916e+03
5.88516936983588e+03
5.91445676258627e+03
5.94358046149643e+03
5.97253813262121e+03
6.00132745527911e+03
6.02994612223615e+03
6.05839183988883e+03
6.08666232844546e+03
6.11475532210608e+03
6.14266856924190e+03
6.17039983257265e+03
6.19794688934258e+03
6.22530753149608e+03
6.25247956585065e+03
6.27946081426893e+03
6.30624911383008e+03
6.33284231699811e+03
6.35923829179000e+03
6.38543492194178e+03
6.41143010707282e+03
6.43722176284850e+03
6.46280782114220e+03
6.48818623019360e+03
6.51335495476702e+03
6.53831197630722e+03
6.56305529309289e+03
6.58758292038871e+03
6.61189289059578e+03
6.63598325339869e+03
6.65985207591133e+03
6.68349744282060e+03
6.70691745652707e+03
6.73011023728353e+03
6.75307392333098e+03
6.77580667103202e+03
6.79830665500077e+03
6.82057206823097e+03
6.84260112221974e+03
6.86439204708829e+03
6.88594309170008e+03
6.90725252377349e+03
6.92831862999178e+03
6.94913971610852e+03
6.96971410704770e+03
6.99004014699963e+03
7.01011619951117e+03
7.02994064756965e+03
7.04951189368128e+03
7.06882835994189e+03
7.08788848810095e+03
7.10669073961546e+03
7.12523359569697e+03
7.14351555734700e+03
7.16153514538098e+03
7.17929090044062e+03
7.19678138299176e+03
7.21400517330647e+03
7.23096087142745e+03
7.24764709711309e+03
7.26406248975965e+03
7.28020570829738e+03
7.29607543105931e+03
7.31167035561456e+03
7.32698919856614e+03
7.34203069530276e+03
7.35679359970208e+03
7.37127668377431e+03
7.38547873723926e+03
7.39939856702302e+03
7.41303499666337e+03
7.42638686560620e+03
7.43945302837368e+03
7.45223235358182e+03
7.46472372277671e+03
7.47692602905731e+03
7.48883817543942e+03
7.50045907291019e+03
7.51178763810653e+03
7.52282279053715e+03
7.53356344924460e+03
7.54400852878048e+03
7.55415693432873e+03
7.56400755576817e+03
7.57355926040309e+03
7.58281088401060e+03
7.59176121974152e+03
7.60040900425901e+03
7.60875290028911e+03
7.61679147445815e+03
7.62452316886216e+03
7.63194626418997e+03
7.63905883128051e+03
7.64585866656897e+03
7.65234320461656e+03
7.65850939726202e+03
7.66435354274769e+03
7.66987103725297e+03
7.67505600088416e+03
7.67990068944974e+03
7.68439451464976e+03
7.68852227867658e+03
7.69226061000884e+03
7.69556968213726e+03
7.69838711527218e+03
7.70082648740726e+03
7.70348596972788e+03
7.70669526272042e+03
7.71044878016579e+03
7.71475333738662e+03
7.71966154901052e+03
7.72527855459566e+03
7.73179642372150e+03
7.73959915883341e+03
7.74969327309096e+03
