5.00000000000000e+00
1.50000000000000e+01
2.50000000000000e+01
3.50000000000000e+01
4.50000000000000e+01
5.50000000000000e+01
6.50000000000000e+01
7.50000000000000e+01
8.50000000000000e+01
9.50000000000000e+01
1.05000000000000e+02
1.15000000000000e+02
1.25000000000000e+02
1.35000000000000e+02
1.45000000000000e+02
1.55000000000000e+02
1.65000000000000e+02
1.75000000000000e+02
1.85000000000000e+02
1.95000000000000e+02
2.05000000000000e+02
2.15000000000000e+02
2.25000000000000e+02
2.35000000000000e+02
2.45000000000000e+02
