1.00000000000000e+00,3.00000000000000e+00,5.00000000000000e+00,7.00000000000000e+00,9.00000000000000e+00,1.10000000000000e+01,1.30000000000000e+01,1.50000000000000e+01,1.70000000000000e+01,1.90000000000000e+01,2.10000000000000e+01
1.00000000000000e+00,3.00000000000000e+00,5.00000000000000e+00,7.00000000000000e+00,9.00000000000000e+00,1.10000000000000e+01,1.30000000000000e+01,1.50000000000000e+01,1.70000000000000e+01,1.90000000000000e+01,2.10000000000000e+01
1.00000000000000e+00,3.00000000000000e+00,5.00000000000000e+00,7.00000000000000e+00,9.00000000000000e+00,1.10000000000000e+01,1.30000000000000e+01,1.50000000000000e+01,1.70000000000000e+01,1.90000000000000e+01,2.10000000000000e+01
1.00000000000000e+00,3.00000000000000e+00,5.00000000000000e+00,7.00000000000000e+00,9.00000000000000e+00,1.10000000000000e+01,1.30000000000000e+01,1.50000000000000e+01,1.70000000000000e+01,1.90000000000000e+01,2.10000000000000e+01
1.00000000000000e+00,3.00000000000000e+00,5.00000000000000e+00,7.00000000000000e+00,9.00000000000000e+00,1.10000000000000e+01,1.30000000000000e+01,1.50000000000000e+01,1.70000000000000e+01,1.90000000000000e+01,2.10000000000000e+01
1.00000000000000e+00,3.00000000000000e+00,5.00000000000000e+00,7.00000000000000e+00,9.00000000000000e+00,1.10000000000000e+01,1.30000000000000e+01,1.50000000000000e+01,1.70000000000000e+01,1.90000000000000e+01,2.10000000000000e+01
1.00000000000000e+00,3.00000000000000e+00,5.00000000000000e+00,7.00000000000000e+00,9.00000000000000e+00,1.10000000000000e+01,1.30000000000000e+01,1.50000000000000e+01,1.70000000000000e+01,1.90000000000000e+01,2.10000000000000e+01
1.00000000000000e+00,3.00000000000000e+00,5.00000000000000e+00,7.00000000000000e+00,9.00000000000000e+00,1.10000000000000e+01,1.30000000000000e+01,1.50000000000000e+01,1.70000000000000e+01,1.90000000000000e+01,2.10000000000000e+01
1.00000000000000e+00,3.00000000000000e+00,5.00000000000000e+00,7.00000000000000e+00,9.00000000000000e+00,1.10000000000000e+01,1.30000000000000e+01,1.50000000000000e+01,1.70000000000000e+01,1.90000000000000e+01,2.10000000000000e+01
1.00000000000000e+00,3.00000000000000e+00,5.00000000000000e+00,7.00000000000000e+00,9.00000000000000e+00,1.10000000000000e+01,1.30000000000000e+01,1.50000000000000e+01,1.70000000000000e+01,1.90000000000000e+01,2.10000000000000e+01
1.00000000000000e+00,3.00000000000000e+00,5.00000000000000e+00,7.00000000000000e+00,9.00000000000000e+00,1.10000000000000e+01,1.30000000000000e+01,1.50000000000000e+01,1.70000000000000e+01,1.90000000000000e+01,2.10000000000000e+01
