6.92733450424308e+00,6.85500950525362e-02,2.36092264080290e-01,2.99134431176676e-01,1.09703858049432e-01,9.47378505655434e-01,2.11725840352594e+00,3.56863472879797e+00,5.27626842984101e+00,7.22689319251103e+00,9.41308397634026e+00
7.14633316222402e+00,1.04910221649233e-02,4.65533515839578e-03,9.13930852454037e-03,1.51408847577197e-02,2.26804374039484e-02,3.17843350423148e-02,4.24856447783344e-02,5.48250689210805e-02,6.88522028325402e-02,8.46272354336448e-02
7.14975792326720e+00,1.16766838481017e-02,1.35323153084199e-03,2.65359294225176e-03,4.38930234301749e-03,6.56201573119564e-03,9.17381404685047e-03,1.22272249488828e-02,1.57252403655086e-02,1.96713377630142e-02,2.40695055512781e-02
7.15050483963577e+00,1.19350722214535e-02,6.34217390301117e-04,1.24335357897909e-03,2.05594184462177e-03,3.07234841418902e-03,4.29302380185925e-03,5.71851167907234e-03,7.34945058189584e-03,9.18657593799654e-03,1.12307224309727e-02
7.15078300351829e+00,1.20312823468245e-02,3.66549686509732e-04,7.18543009436967e-04,1.18799652171919e-03,1.77503707008331e-03,2.47981433982014e-03,3.30250853685943e-03,4.24333071055560e-03,5.30252313388724e-03,6.48035974360539e-03
7.15091611346423e+00,1.20773183982945e-02,2.38482608807544e-04,4.67478945893163e-04,7.72856327212246e-04,1.15467261704039e-03,1.61299101661294e-03,2.14788752746120e-03,2.75945103927100e-03,3.44778343336483e-03,4.21299970149169e-03
7.15098994716936e+00,1.21028528116982e-02,1.67451707909105e-04,3.28238807258963e-04,5.42640743469214e-04,8.10689755667227e-04,1.13241696019983e-03,1.50785975180678e-03,1.93706183416875e-03,2.42007325512184e-03,2.95695044762123e-03
7.15103511118767e+00,1.21184718534169e-02,1.24004137159073e-04,2.43072969388969e-04,4.01837473622546e-04,6.00318645314957e-04,8.38533533976005e-04,1.11650262190421e-03,1.43424983573093e-03,1.79180256125466e-03,2.18919165960640e-03
7.15106473401907e+00,1.21287161577159e-02,9.55079279050253e-05,1.87216149380554e-04,3.09493383573667e-04,4.62355074354548e-04,6.45811330072910e-04,8.59874291470941e-04,1.10455813671217e-03,1.37987908802772e-03,1.68585541931288e-03
7.15108520690965e+00,1.21357961220663e-02,7.58140454100165e-05,1.48613845897039e-04,2.45676372272019e-04,3.67014073469729e-04,5.12633317111266e-04,6.82541749251531e-04,8.76748296982477e-04,1.09526317265018e-03,1.33809787650252e-03
7.15109994399171e+00,1.21408924920225e-02,6.16379022360114e-05,1.20827279425306e-04,1.99740565957285e-04,2.98388481390077e-04,4.16775233844202e-04,5.54905875384648e-04,7.12786304005952e-04,8.90423265075047e-04,1.08782435358412e-03
