6.13055555555556e+01,2.49999999999991e-01,1.10734045910090e+00,5.57561765417725e+00,1.46388888888889e+01,2.65672635445363e+01,4.10649243918475e+01,5.80700000000000e+01,7.75546905036525e+01,9.95050015389351e+01,1.23913265306122e+02
9.69424333105795e+01,3.76431284136760e+00,5.78040754514708e-02,1.42370265611157e-01,2.37761214769965e-01,3.59988826149184e-01,5.11602920447394e-01,6.96506081872636e-01,9.21122570871991e-01,1.19663975931048e+00,1.51304629683766e+00
9.76092279926175e+01,3.83967537129166e+00,1.42475954065787e-02,4.09982658011471e-02,6.79618541721957e-02,1.01882649665179e-01,1.42914212791553e-01,1.91251123321090e-01,2.47136006734731e-01,3.10869232555433e-01,3.82822467081973e-01
9.77551454954378e+01,3.85616026146995e+00,1.38074342639706e-02,1.91766446333567e-02,3.17410883682006e-02,4.74927061539453e-02,6.64631041659180e-02,8.86911434365052e-02,1.14223505937601e-01,1.43115404325354e-01,1.75431466829336e-01
9.78095328814276e+01,3.86230399261168e+00,1.36432120258710e-02,1.10752239556882e-02,1.83216158673016e-02,2.73948184801439e-02,3.83051443667406e-02,5.10651395464290e-02,6.56896846071282e-02,8.21961161159220e-02,1.00604372346375e-01
9.78355676183060e+01,3.86524481888262e+00,1.37414873329368e-02,7.20325989997725e-03,1.19131691285371e-02,1.78069598773928e-02,2.48889498730649e-02,3.31643652820143e-02,4.26393684147360e-02,5.33210893153722e-02,6.52176630208838e-02
9.78500110509305e+01,3.86687628341214e+00,1.43429328089380e-02,5.05688921917162e-03,8.36217412703402e-03,1.24969275444380e-02,1.74632658773042e-02,2.32637431045605e-02,2.99013610454773e-02,3.73795799594356e-02,4.57023309288200e-02
9.78588469419969e+01,3.86787433369331e+00,1.47107624140969e-02,3.74442584428536e-03,6.19131491898761e-03,9.25164837999013e-03,1.29265831513360e-02,1.72175123348594e-02,2.21260701343593e-02,2.76541360780817e-02,3.38038399253208e-02
9.78646427068132e+01,3.86852898432150e+00,1.49519893085067e-02,2.88378177975641e-03,4.76798755073773e-03,7.12426447305923e-03,9.95329773360751e-03,1.32559108510775e-02,1.70330686456265e-02,2.12858791445588e-02,2.60155957879440e-02
9.78686484305888e+01,3.86898144169316e+00,1.51186915696463e-02,2.28906418464998e-03,3.78454337837342e-03,5.65453377823006e-03,7.89946691852865e-03,1.05198604715713e-02,1.35163204041326e-02,1.68895419230466e-02,2.06403105657501e-02
9.78715319708593e+01,3.86930714425189e+00,1.52386824476122e-02,1.86101126132030e-03,3.07674968018077e-03,4.59684586394573e-03,6.42158517847777e-03,8.55130921826746e-03,1.09864175904361e-02,1.37273684191151e-02,1.67746789275488e-02
