5.00000000000000e+00,5.00000000000000e+00,5.00000000000000e+00,5.00000000000000e+00,5.00000000000000e+00,5.00000000000000e+00,5.00000000000000e+00,5.00000000000000e+00,5.00000000000000e+00,5.00000000000000e+00,5.00000000000000e+00
4.00000000000000e+01,4.00000000000000e+01,4.00000000000000e+01,4.00000000000000e+01,4.00000000000000e+01,4.00000000000000e+01,4.00000000000000e+01,4.00000000000000e+01,4.00000000000000e+01,4.00000000000000e+01,4.00000000000000e+01
7.50000000000000e+01,7.50000000000000e+01,7.50000000000000e+01,7.50000000000000e+01,7.50000000000000e+01,7.50000000000000e+01,7.50000000000000e+01,7.50000000000000e+01,7.50000000000000e+01,7.50000000000000e+01,7.50000000000000e+01
1.10000000000000e+02,1.10000000000000e+02,1.10000000000000e+02,1.10000000000000e+02,1.10000000000000e+02,1.10000000000000e+02,1.10000000000000e+02,1.10000000000000e+02,1.10000000000000e+02,1.10000000000000e+02,1.10000000000000e+02
1.45000000000000e+02,1.45000000000000e+02,1.45000000000000e+02,1.45000000000000e+02,1.45000000000000e+02,1.45000000000000e+02,1.45000000000000e+02,1.45000000000000e+02,1.45000000000000e+02,1.45000000000000e+02,1.45000000000000e+02
1.80000000000000e+02,1.80000000000000e+02,1.80000000000000e+02,1.80000000000000e+02,1.80000000000000e+02,1.80000000000000e+02,1.80000000000000e+02,1.80000000000000e+02,1.80000000000000e+02,1.80000000000000e+02,1.80000000000000e+02
2.15000000000000e+02,2.15000000000000e+02,2.15000000000000e+02,2.15000000000000e+02,2.15000000000000e+02,2.15000000000000e+02,2.15000000000000e+02,2.15000000000000e+02,2.15000000000000e+02,2.15000000000000e+02,2.15000000000000e+02
2.50000000000000e+02,2.50000000000000e+02,2.50000000000000e+02,2.50000000000000e+02,2.50000000000000e+02,2.50000000000000e+02,2.50000000000000e+02,2.50000000000000e+02,2.50000000000000e+02,2.50000000000000e+02,2.50000000000000e+02
2.85000000000000e+02,2.85000000000000e+02,2.85000000000000e+02,2.85000000000000e+02,2.85000000000000e+02,2.85000000000000e+02,2.85000000000000e+02,2.85000000000000e+02,2.85000000000000e+02,2.85000000000000e+02,2.85000000000000e+02
3.20000000000000e+02,3.20000000000000e+02,3.20000000000000e+02,3.20000000000000e+02,3.20000000000000e+02,3.20000000000000e+02,3.20000000000000e+02,3.20000000000000e+02,3.20000000000000e+02,3.20000000000000e+02,3.20000000000000e+02
3.55000000000000e+02,3.55000000000000e+02,3.55000000000000e+02,3.55000000000000e+02,3.55000000000000e+02,3.55000000000000e+02,3.55000000000000e+02,3.55000000000000e+02,3.55000000000000e+02,3.55000000000000e+02,3.55000000000000e+02
